0
82621
81051
88051
84322
86842
89122
82306
76606
89786
87790
87243
83285
85916
66650
90128
83812
84623
84371
0
108225
107899
108747
108733
108401
107407
108203
107562
108176
107101
107401
107066
108229
109006
108345
1
111361
112546
114951
80889
54748
143098
137725
123201
90268
84748
85032
82458
71672
74925
83511
117418
111112
103219
93186
122101
131767
126527
1
103437
93829
108233
108666
106121
105259
112320
103068
89031
105686
105880
98466
108720
91081
104790
94403
96336
102024
95703
90491
100716
103485
90924
0
102932
88521
95582
94693
85970
91995
95324
98828
88762
85029
100337
101712
1
62721
73621
58812
102314
65658
70497
87966
88208
70407
55559
107156
75651
68499
72214
95434
88463
86255
82059
0
59945
74531
77258
82668
88460
84993
56778
63845
76928
77217
83785
80734
72111
62596
0
15709
13883
20187
9610
12137
13746
10512
11069
11963
12670
9029
10821
12635
10200
9616
10271
11547
19540
28666
22293
29518
0
15043
18005
12218
14791
11850
11996
11990
11949
12036
11705
12612
28043
13068
13813
12306
11654
11843
12055
12410
12066
12140
12069
20510
0
2968
2171
11979
38677
35836
1455
2198
7462
43530
46958
46644
45721
41794
40507
42423
49471
41696
30847
41996
0
42029
29349
29818
29002
28781
29160
29738
28818
29728
28594
29435
28608
30171
28847
29126
0
32443
29576
29966
29392
28524
29906
30034
29598
29266
29417
30024
29184
29828
29917
29460
0
16726
15791
18301
18399
12588
12918
13316
12708
12919
12468
12498
12136
12416
13763
12242
12915
12605
11873
12137
12628
11765
11841
47590
1
29785
30473
27112
27581
26942
22125
21252
28067
25527
15188
15575
16613
21684
14431
23741
21358
29772
29144
28885
29722
0
109260
101702
95139
84797
99767
121743
119917
123457
132922
119816
114209
0
41963
39629
39401
40204
39709
39533
39964
39412
39091
39725
39516
39337
39487
39429
39772
39167
39165
39259
39391
39075
1
11836
20329
20626
18056
49442
49893
43699
38523
45156
43825
48579
43026
46613
44874
11246
23940
17777
50254
46723
0
16948
14152
12900
13802
10973
14996
10978
13799
11269
14132
11488
14893
11800
11253
13431
11373
1
714
205
760
362
395
613
324
223
212
466
338
351
254
458
331
261
636
323
289
268
464
309
300
214
1
187679
185844
184341
184956
184781
183665
184485
183775
184146
184523
158860
184259
183843
185512
185194
