0
70150
67134
74214
69607
71304
73086
64408
62396
75182
71403
71229
68684
70517
51785
76742
69198
70105
69675
0
91014
89484
90020
90391
89962
89559
90056
89117
89684
88998
89036
88456
89390
89747
90102
1
51230
49971
47980
39952
28260
59468
52822
58017
52373
47722
38749
47514
42794
45727
43195
49428
43773
41727
45275
53902
61724
54508
1
70622
61638
72006
73215
70329
71057
76341
68663
57876
72600
69433
65637
75202
60023
70635
63235
65306
67790
65124
60481
67664
68628
60206
0
51420
47919
47113
48000
41396
47839
48547
51025
45059
45727
51743
51070
1
47890
52178
50721
69792
37723
39153
49861
50690
56214
46381
76359
43711
37705
41889
58430
58973
60380
65897
0
56163
57887
60294
62869
65790
63780
46348
57216
59100
60342
62631
56608
49938
43845
0
5953
5362
8701
4046
4382
4611
4292
4338
4212
4516
4601
4759
5268
4242
4016
3802
4132
8822
15690
11974
15557
0
10991
12703
9875
11023
9663
9627
9650
9737
9797
9678
10039
14673
10392
11054
10263
10096
10095
10137
10171
10034
10030
9860
12899
0
4192
2350
9400
32372
29864
2889
2724
5825
28304
28147
40856
37368
27148
19100
36813
39880
29252
14320
15028
0
19307
14322
14457
13726
13801
14095
14603
14041
15199
13460
14676
13883
15196
13696
13619
0
15908
14657
14350
14134
13285
13852
15198
13942
14067
14405
15269
14279
14186
14613
14123
0
11161
10894
11796
11990
10986
11137
10794
10754
10549
9891
9567
9328
9328
10053
9346
9324
9406
9620
9597
9554
9169
9200
22233
1
16122
15917
15699
14948
13793
12289
14255
16935
13176
7762
7663
9181
15011
11941
15398
12464
14965
14707
16350
14686
0
17805
15930
11994
11836
15365
17607
16133
20522
16566
16330
16315
0
15232
13855
14014
14374
14117
14105
14373
14144
13636
13627
13441
13430
13508
13478
13577
13598
13942
14026
14083
14050
1
4435
11037
10933
9240
25173
25720
26628
22702
29080
28140
31725
28117
31278
29326
4071
12838
9059
27042
27313
0
8118
6369
5602
5977
5497
5554
6237
5249
6220
5396
6335
5793
6122
5108
5179
5856
1
437
210
514
294
330
382
229
189
183
306
263
269
223
261
251
230
372
227
273
239
295
230
223
236
1
143594
140676
139947
140148
139463
138378
140257
139357
140347
139389
118035
139611
138300
139678
140827
