0
70064
81738
76303
84261
85796
88525
80714
74883
79313
86468
86230
84362
86463
67210
79091
83618
86095
85742
0
98507
97948
99672
99772
99660
98689
99350
98353
99461
98480
98851
97501
99760
99521
99384
1
78143
81209
76035
58255
40717
84038
81982
83174
112996
114409
95945
82959
70691
72731
69825
62654
61176
78551
69504
84846
90661
84280
1
137571
133004
143967
141789
142078
140089
147966
139001
128230
142704
140923
135547
145840
130404
140536
135193
134683
140081
133733
131105
139684
139894
132410
0
112458
101477
104309
107958
91154
98525
103952
108493
100281
103291
106864
100811
1
58818
91053
65568
115525
70060
74806
95219
88232
73976
54103
113729
84786
79336
87919
103891
94325
79141
87724
0
60775
65217
65968
69778
72505
73242
56373
61932
65569
65818
69179
63844
58085
55483
0
43873
44395
33505
42745
42758
41710
44731
43984
43889
43838
44647
44766
43981
46465
46194
46306
46128
33885
19596
17704
22447
0
13288
14881
12109
12977
11998
11960
11942
11942
12027
11963
12383
16523
12457
13029
12531
12453
12485
12483
12470
12294
12349
12244
16456
0
13780
13626
19860
37359
34615
12385
14036
17222
35854
37934
41959
40169
38273
35140
38590
43028
37724
33874
28786
0
24113
16894
17321
16652
16720
17026
17739
17181
18342
16175
17935
16701
18551
16745
16936
0
18365
17727
18077
17134
16322
17168
18465
16993
17224
17324
19018
17423
17646
18213
17581
0
13770
13669
14099
14738
13598
13870
13749
13636
13361
12442
12119
11942
11987
12066
11734
11980
12186
12500
12477
12393
11990
12033
32328
1
31329
31991
29668
30536
28953
27392
37041
38597
40411
34534
34117
45948
29615
20303
25331
20879
25766
25731
27400
24804
0
89871
85949
76410
73382
73282
85334
87053
87601
89118
88112
90158
0
30592
29895
29867
30119
29837
29851
30010
29865
29949
29889
29791
29828
29803
29801
29775
29967
29974
29927
30003
29952
1
48517
30951
35410
39361
39136
39632
44614
40828
52021
56633
56947
55786
57286
55425
48432
31870
38097
39782
44286
0
11812
9650
8348
9616
9436
8390
11236
8000
11155
8170
11362
8464
10751
8124
8013
10077
1
457
300
602
406
423
475
344
319
307
407
384
389
348
422
405
352
509
374
380
346
444
353
373
334
1
147493
146605
144923
145921
145147
144598
146301
145777
146472
145850
131787
146223
143806
145253
145676
