0
69807
65889
73236
68411
69454
71267
62834
61351
74343
70169
69956
67446
69400
50541
75745
67965
68850
68525
0
88842
87918
89179
89430
89346
88421
89018
88080
88694
87610
88104
87512
88272
89308
88745
1
58557
57545
48517
42884
33259
61611
55115
59991
79375
76965
56438
52288
42671
44466
52983
54933
48449
53724
52190
55408
63519
55666
1
71340
63891
72082
73404
70953
71449
77927
71259
62374
74060
72952
69446
74681
61255
70348
66489
67022
69021
69156
62410
68529
71307
63340
0
72376
66073
69378
66551
55334
67583
67869
68529
63253
64738
67575
65314
1
48194
63481
51821
86782
51932
42963
57680
57295
59320
50476
80632
58606
46447
47341
60007
66799
62879
66005
0
57365
61693
65428
70167
73759
72420
50471
58916
62934
65871
69661
65796
58204
51879
0
23123
23088
17096
22001
22202
21467
22931
22664
22493
22508
22873
22933
22570
23716
23746
23653
23608
21042
11755
10684
14401
0
12156
14227
11020
12339
10911
10894
10851
10778
10864
10737
11137
15008
11198
11839
11294
11158
11115
11070
10950
10769
10815
10711
14762
0
3584
1931
7761
24554
22975
2211
2348
5536
23531
28267
40649
37367
32718
24715
36812
40695
31248
22397
15588
0
20900
14770
14904
14419
14305
14561
14937
14706
15680
13793
15156
14303
15653
14351
14362
0
16322
15156
15646
14879
14295
14924
15640
14395
14711
14845
15659
14749
14891
15176
15062
0
13008
12842
13921
14415
12665
13049
13187
13194
12841
11888
11594
11485
11689
11914
11425
11566
11651
12047
11928
11604
11218
11275
26382
1
19069
18577
17189
17504
17057
14562
16089
17486
14628
7072
7534
10732
15154
12934
16702
13281
16513
16370
17405
15995
0
73645
66733
56491
51577
57506
69860
69974
72646
77796
74486
76437
0
21279
20094
19992
20255
19784
19816
19907
19736
20138
20086
19852
19888
19903
19857
19911
20225
19956
19974
20023
19931
1
24872
21137
22465
24300
25609
26015
33408
30546
40083
42437
44616
43453
46317
42141
24526
21977
23740
26873
31611
0
11591
9110
7723
8926
8270
7980
9544
7569
9614
7738
9750
8213
9167
7303
7301
8837
1
376
145
529
236
266
361
183
150
138
234
214
228
166
221
217
176
378
184
183
167
249
187
196
153
1
134424
133979
131115
132785
131885
130677
131744
132526
131539
132179
116143
132171
131687
131897
131931
