0
74702
69047
76238
70444
72343
74109
65390
63306
75910
71976
72095
69899
71480
52201
77699
69196
71171
70359
0
94921
90285
90264
90358
90140
89336
90495
89096
90100
88908
88968
88723
89478
89932
90053
1
61192
56575
50020
44706
29243
69875
54189
65740
52850
49925
40520
53439
47288
47031
46896
59205
47642
44907
53764
56041
62683
56155
1
78070
63120
73988
75219
71945
73233
78295
70305
59134
75181
70138
67673
78052
61221
72299
65363
67537
68772
67617
61596
68326
68947
60359
0
55883
49945
46976
47789
41807
48522
48492
51259
46148
46719
52571
52468
1
60579
54267
52548
72117
40203
40953
49254
51830
61121
47890
79629
45138
39293
40941
56982
63395
73224
74127
0
55195
55156
58447
60684
64180
62174
45497
54859
56288
58014
60397
54811
48737
42558
0
6362
5422
11992
3936
4385
4353
4173
4438
3854
4158
4288
4456
4831
3854
3691
3424
3772
14099
20830
16533
21059
0
11889
16456
9691
12863
9437
9384
9397
9469
9458
9317
10132
22371
10853
11809
10234
9926
9867
9952
9943
9692
9685
9550
15971
0
5638
2673
10019
30129
28148
3251
2705
7144
28756
28518
40459
36361
25453
18971
36357
38450
27641
13790
15226
0
25697
14762
15072
13802
13688
13851
14369
13732
15323
13356
14807
13955
15063
13411
13367
0
18001
14790
14512
14261
13175
13754
15000
13721
13796
14465
14910
14110
13963
14225
14204
0
11713
11245
14124
13257
10812
10821
10524
10477
10397
9621
9279
9129
9192
11186
9509
9322
9274
9440
9431
9456
8973
9065
34844
1
17866
16651
19036
15317
14372
13980
19128
20842
13451
8002
7613
9081
19129
12372
18107
12939
15047
14493
17430
14674
0
20164
15933
11820
12272
15660
17582
15712
20052
16073
15553
15577
0
17118
13820
13349
13820
13267
13121
13423
12999
12604
12531
12423
12404
12445
12303
12435
12433
12606
12709
12915
12646
1
5404
14438
11858
9685
24458
24824
26459
23321
27624
26423
30388
26399
29236
28745
4422
13238
9574
25902
26360
0
12694
8649
6875
7455
6468
7028
7078
6323
7132
6123
7331
6713
7171
5850
6611
6413
1
829
198
701
335
351
504
258
192
182
435
281
280
207
251
251
236
428
219
253
216
310
215
231
284
1
159696
148382
147660
147006
146093
144765
146833
144766
145856
145390
125619
145961
146695
147619
148220
